median
89.5
89.0
90.5
90.0
93.0
93.0
93.0
92.0
92.0
94.0
94.5
94.0
94.0
94.0
94.0
94.0
94.0
92.5
88.0
94.0
94.0
94.0
91.0
88.5
89.5
91.0
94.0
94.0
94.0
94.0
94.0
94.0
94.0
94.0
90.0
90.0
90.0
90.0
90.0
90.0
92.0
94.0
94.5
92.5
93.0
93.0
92.0
92.0
92.0
93.0
94.0
98.0
94.0
95.0
95.0
94.5
93.0
93.0
93.0
92.5
92.0
93.0
93.0
93.0
95.0
99.5
96.0
97.0
97.0
97.0
97.0
97.0
97.0
97.0
96.5
96.5
96.0
96.0
96.0
96.0
96.0
97.0
97.0
97.0
94.0
96.0
97.0
97.0
97.0
97.0
97.0
97.0
97.0
99.0
97.5
99.0
98.0
97.0
96.5
97.0
94.0
95.0
96.0
97.0
95.0
95.0
95.0
96.0
96.0
97.0
97.0
97.0
96.0
95.0
95.0
95.0
96.0
95.0
96.0
94.0
97.0
97.5
98.0
97.0
98.0
98.0
98.0
97.0
97.0
95.0
96.0
96.5
95.0
95.0
97.0
97.0
97.0
97.0
97.0
98.0
97.0
98.0
98.0
96.5
97.0
96.0
95.5
96.0
96.0
96.0
96.0
98.0
98.0
98.0
99.0
98.0
98.0
97.5
98.0
98.0
98.0
98.0
98.0
98.0
98.0
98.0
100.0
100.0
100.0
100.0
100.0
98.5
97.0
97.0
97.0
96.0
97.0
96.0
100.0
100.0
99.5
99.0
99.0
98.0
97.0
96.0
96.5
96.5
96.5
95.0
95.0
95.0
94.0
94.5
94.5
94.0
94.0
94.0
94.0
94.0
94.0
94.0
94.0
93.5
94.0
94.0
94.0
94.0
96.0
95.0
94.0
94.0
94.0
93.5
93.5
94.0
92.5
92.5
92.0
92.0
92.0
92.5
93.0
93.0
93.0
93.0
94.0
92.0
92.0
92.0
92.0
94.0
94.5
94.0
92.0
92.0
90.0
89.0
88.0
88.0
90.0
90.5
90.5
92.0
90.5
90.0
90.0
90.0
90.0
91.0
93.0
93.0
93.0
93.0
93.0
92.0
92.0
92.0
92.0
92.0
92.0
92.0
93.0
91.5
93.0
93.0
93.0
93.0
93.0
93.0
92.5
93.0
92.5
93.0
93.0
92.0
92.0
92.0
91.0
91.0
92.0
93.0
92.0
92.0
92.0
91.0
91.0
92.0
92.0
92.0
92.0
91.0
92.5
93.0
93.0
93.0
93.0
92.0
91.0
93.0
93.0
93.0
92.0
93.0
93.0
89.0
87.0
89.0
87.0
89.0
88.5
90.5
91.0
90.0
91.0
91.0
91.0
91.5
91.0
92.0
92.0
92.0
92.0
93.0
93.0
93.0
94.0
93.0
93.0
93.0
92.5
92.0
92.0
92.5
92.0
93.0
93.0
96.0
94.0
94.0
94.0
92.0
92.0
92.0
92.0
91.0
90.0
90.0
89.0
90.0
88.0
88.0
88.0
88.0
88.0
89.0
89.0
89.0
89.5
90.5
89.0
89.0
88.0
89.5
91.0
91.0
92.0
91.0
91.0
91.0
90.0
90.5
91.0
91.0
93.0
93.0
92.0
92.0
91.0
92.0
91.5
91.0
91.0
91.0
91.0
91.5
91.0
91.0
91.0
90.0
90.0
91.0
93.0
95.0
97.0
95.0
92.5
91.0
90.0
89.5
90.0
88.0
88.0
88.0
90.0
90.5
91.0
90.5
91.0
91.0
92.0
91.0
91.0
90.5
90.0
87.0
88.5
89.0
89.5
91.0
91.0
90.0
91.0
91.5
92.5
93.0
91.0
91.0
90.0
91.0
91.0
91.0
90.5
90.5
90.0
91.0
91.0
91.0
90.0
90.5
88.0
90.5
91.0
94.0
94.0
94.0
94.0
94.0
94.0
93.0
93.0
93.0
93.0
94.0
95.0
96.0
97.0
97.0
97.0
97.0
98.0
97.0
97.0
96.0
94.0
96.0
96.0
96.0
95.5
96.5
97.0
96.0
94.0
94.0
95.0
95.5
95.5
96.0
96.0
96.0
97.0
99.5
99.5
98.5
101.0
101.0
101.0
101.0
99.0
98.5
98.0
98.0
94.5
95.0
93.0
94.5
95.0
95.5
96.5
95.0
95.0
94.0
95.0
94.0
93.0
93.0
93.0
95.0
93.5
94.0
94.0
94.0
93.0
94.0
93.0
93.0
93.0
93.0
92.0
92.0
90.0
90.0
90.5
91.5
91.0
92.0
91.0
91.5
93.0
93.0
92.0
92.0
92.0
90.0
90.5
91.0
92.0
93.0
95.5
93.0
93.0
92.0
93.0
92.5
92.0
92.0
93.0
93.0
94.0
98.0
98.0
101.0
99.0
93.0
93.0
93.0
93.0
95.0
96.0
98.0
98.0
98.0
98.0
98.5
98.0
98.0
98.0
98.0
99.0
100.0
101.0
100.0
101.0
101.0
100.0
100.5
100.0
96.0
96.5
95.0
99.0
93.0
93.0
93.0
93.0
93.0
94.5
95.5
100.0
100.0
98.0
95.5
94.0
99.5
100.0
100.5
101.0
101.0
99.0
96.5
97.5
95.0
95.0
98.0
99.5
98.0
100.0
100.0
100.0
100.0
100.0
100.0
100.0
100.0
99.0
99.0
99.0
99.0
99.0
97.0
98.5
100.0
100.0
100.0
98.0
96.0
97.5
98.0
97.0
97.0
97.0
96.5
98.0
99.0
99.0
99.0
99.0
99.0
99.0
98.5
99.0
99.0
96.0
96.0
96.0
96.0
96.0
97.0
96.0
96.0
96.0
96.0
96.0
96.0
96.0
96.0
93.0
93.5
93.0
94.0
92.5
91.0
89.5
89.0
92.0
92.0
92.0
92.0
92.0
93.0
93.5
93.0
92.0
90.0
90.5
90.0
91.0
92.0
92.0
92.0
92.0
92.0
92.0
93.0
92.0
88.0
89.5
92.0
91.5
92.5
96.0
95.5
91.5
95.0
92.0
96.0
95.0
94.0
92.0
94.0
92.0
92.0
92.0
92.0
91.0
92.0
91.0
90.0
90.0
91.0
90.0
90.0
92.0
93.0
93.5
95.0
94.0
93.0
96.0
96.0
96.0
96.0
96.0
96.0
96.0
95.5
93.5
94.0
96.0
94.0
95.0
94.0
95.0
96.0
94.0
96.0
96.0
95.5
93.0
93.0
93.0
93.5
91.0
90.0
92.5
90.0
91.0
88.0
88.5
88.0
87.0
87.0
86.0
87.0
87.0
88.0
89.0
88.5
89.0
89.0
89.0
89.0
88.0
88.0
88.0
88.0
88.0
85.0
88.0
89.0
88.0
88.0
88.5
88.0
88.0
88.5
88.0
89.0
91.0
91.0
93.5
95.0
95.0
96.0
96.0
94.0
94.0
94.0
94.0
94.0
93.0
93.5
89.5
92.0
94.0
94.0
94.0
95.0
95.0
95.0
94.0
94.0
96.0
96.0
92.0
96.0
96.0
96.0
94.0
94.5
95.5
97.0
96.0
98.0
98.0
100.5
99.0
99.0
100.0
101.0
101.0
101.0
101.0
101.0
99.5
100.0
101.0
101.0
101.0
101.0
101.0
101.0
101.0
103.5
104.0
104.0
104.0
104.0
101.0
96.0
97.0
96.5
99.0
99.0
99.0
99.5
99.0
100.0
100.0
97.5
98.5
99.0
100.0
100.5
101.0
101.0
100.0
100.0
100.0
100.5
101.0
102.0
101.0
103.0
103.0
103.0
103.0
103.0
103.0
100.0
99.5
100.5
99.0
98.0
99.0
97.0
95.0
97.0
97.0
96.0
95.0
95.0
96.5
97.0
96.0
97.0
97.0
95.0
94.0
96.0
100.0
100.0
96.0
98.5
100.0
102.0
104.0
104.5
102.0
103.0
103.0
103.0
103.0
103.0
103.0
100.0
99.5
99.5
99.0
99.0
100.0
103.0
100.0
102.0
104.0
104.0
103.0
103.0
100.0
104.0
103.5
99.0
103.0
100.5
103.0
103.5
101.0
101.0
101.0
100.0
100.0
98.5
100.0
98.0
99.0
99.0
99.0
104.0
104.0
103.0
101.0
102.0
102.0
101.0
104.0
105.0
105.0
105.0
105.0
104.5
